%YAML:1.0
calibration_time: "Fri 13 Nov 2015 12:00:19 PM EST"
nframes: 10
image_width: 640
image_height: 480
board_width: 4
board_height: 5
square_size: 2.5000000372529030e-02
flags: 0
camera_matrix: !!opencv-matrix
   rows: 3
   cols: 3
   dt: d
   data: [ 5.8464928537934099e+02, 0., 3.6112812940144460e+02, 0.,
       5.9845817578917172e+02, 3.5772489537811731e+02, 0., 0., 1. ]
distortion_coefficients: !!opencv-matrix
   rows: 5
   cols: 1
   dt: d
   data: [ -3.7963531322243860e-01, 4.0465181118458704e-01,
       -4.5396169143431314e-03, 1.4962988268858231e-02,
       2.2663051438237911e+00 ]
avg_reprojection_error: 5.5341002988631394e-01
per_view_reprojection_errors: !!opencv-matrix
   rows: 10
   cols: 1
   dt: f
   data: [ 3.78165811e-01, 3.70641589e-01, 3.76018822e-01,
       5.23113847e-01, 4.49130893e-01, 5.45434833e-01, 7.60281622e-01,
       6.61821663e-01, 6.11880422e-01, 6.91051602e-01 ]
# a set of 6-tuples (rotation vector + translation vector) for each view
extrinsic_parameters: !!opencv-matrix
   rows: 10
   cols: 6
   dt: d
   data: [ 4.9519558539118338e-02, -3.8879776274303551e-01,
       -3.0542809671168794e+00, 9.8147509724993615e-02,
       -2.8695394459968104e-02, 3.3091814284654281e-01,
       3.6009147263112044e-02, -3.2494219388270723e-01,
       -3.0901053230140367e+00, 9.0940543016213723e-02,
       -2.7095878731186927e-02, 3.1899186686348413e-01,
       -1.3615028287836869e-01, -1.7935089846720886e-01,
       -1.5474858767707873e+00, -9.7571299806089688e-03,
       -5.4398571859545761e-02, 3.2464510394523510e-01,
       -2.5718367818807364e-01, -6.3387282882286733e-02,
       1.4705518835127815e+00, 4.1445859712263541e-02,
       -1.2101806156617805e-01, 2.9800015565001686e-01,
       3.8009096714937102e-02, -2.5188342221963150e-01,
       -1.6222704161900865e+00, -1.6023397347527699e-02,
       -3.8296106715367643e-02, 2.6645632375458828e-01,
       4.3685363633219856e-02, -2.8136066453999398e-01,
       -1.6551807688296216e+00, -1.3074853020661196e-02,
       -3.8522510519523434e-02, 2.6104454767412522e-01,
       3.5308309453585256e-02, -2.1051143231114217e-01,
       -1.6396362172827528e+00, -4.0019766287620863e-02,
       -1.7682693187552476e-02, 2.6908948090672097e-01,
       4.3365489356414280e-02, -2.3590163133485972e-01,
       -1.5973946460623938e+00, -1.4467761184231013e-02,
       -2.5259320272286570e-02, 2.6953617794674856e-01,
       1.9218344012389189e-02, -2.8884386142103885e-01,
       -1.5715582851469287e+00, -1.1563352037355661e-02,
       -4.0687283296287909e-02, 2.6940351672206464e-01,
       -1.5338813761131102e-03, -2.6114994384656720e-01,
       -1.5943522293832215e+00, -3.0042539756121447e-02,
       -3.9953518836353417e-02, 2.7604650399244551e-01 ]
image_points: !!opencv-matrix
   rows: 10
   cols: 20
   dt: "2f"
   data: [ 5.32234863e+02, 3.06881683e+02, 4.89475342e+02,
       3.03139313e+02, 4.45978943e+02, 2.99760223e+02, 4.02293457e+02,
       2.96777740e+02, 5.30825867e+02, 2.65886932e+02, 4.89232300e+02,
       2.62205872e+02, 4.46785919e+02, 2.58878662e+02, 4.04280945e+02,
       2.55851654e+02, 5.29665588e+02, 2.26630417e+02, 4.88896210e+02,
       2.22952164e+02, 4.47484528e+02, 2.19784912e+02, 4.05915955e+02,
       2.16930481e+02, 5.28197266e+02, 1.89737015e+02, 4.88499939e+02,
       1.86254639e+02, 4.48320679e+02, 1.82738205e+02, 4.07451843e+02,
       1.79933029e+02, 5.27931763e+02, 1.52828659e+02, 4.88455170e+02,
       1.50195526e+02, 4.48796906e+02, 1.47426575e+02, 4.09003387e+02,
       1.44383301e+02, 5.25793823e+02, 3.07757782e+02, 4.81171417e+02,
       3.05351013e+02, 4.35864502e+02, 3.03293304e+02, 3.90385864e+02,
       3.01469147e+02, 5.23843933e+02, 2.64484283e+02, 4.80402161e+02,
       2.62058044e+02, 4.36162201e+02, 2.60130890e+02, 3.91415131e+02,
       2.58306671e+02, 5.22182861e+02, 2.22848694e+02, 4.79490509e+02,
       2.20461288e+02, 4.36279816e+02, 2.18525192e+02, 3.92600616e+02,
       2.16707214e+02, 5.20210693e+02, 1.83429367e+02, 4.78405548e+02,
       1.81158096e+02, 4.36371094e+02, 1.78819366e+02, 3.93583710e+02,
       1.77398773e+02, 5.19470093e+02, 1.43881454e+02, 4.77896362e+02,
       1.42536713e+02, 4.36380249e+02, 1.40861053e+02, 3.94528534e+02,
       1.39150833e+02, 3.44282349e+02, 2.58525726e+02, 3.45600433e+02,
       2.17179123e+02, 3.46965302e+02, 1.78166763e+02, 3.48428314e+02,
       1.39710251e+02, 3.87921783e+02, 2.59356842e+02, 3.88548279e+02,
       2.18124664e+02, 3.88813263e+02, 1.78834869e+02, 3.89364868e+02,
       1.40990799e+02, 4.32480469e+02, 2.60636719e+02, 4.31958099e+02,
       2.19220154e+02, 4.31427307e+02, 1.79736237e+02, 4.30888367e+02,
       1.42063477e+02, 4.76680450e+02, 2.62019714e+02, 4.75170868e+02,
       2.20523911e+02, 4.73496399e+02, 1.81491974e+02, 4.72408020e+02,
       1.43082932e+02, 5.20105347e+02, 2.63806122e+02, 5.17687012e+02,
       2.22363922e+02, 5.15157593e+02, 1.83184509e+02, 5.13778931e+02,
       1.43884552e+02, 4.41533966e+02, 1.22261398e+02, 4.45863068e+02,
       1.68278595e+02, 4.52567627e+02, 2.13914261e+02, 4.59980835e+02,
       2.61523010e+02, 3.95526764e+02, 1.22802788e+02, 4.00885376e+02,
       1.67697632e+02, 4.06573883e+02, 2.14467041e+02, 4.12668030e+02,
       2.63636719e+02, 3.48317139e+02, 1.23063515e+02, 3.52509125e+02,
       1.68940598e+02, 3.57360596e+02, 2.16471100e+02, 3.62374420e+02,
       2.66502014e+02, 3.00391571e+02, 1.23206009e+02, 3.03460297e+02,
       1.70705429e+02, 3.07236542e+02, 2.18674561e+02, 3.11329498e+02,
       2.69508148e+02, 2.50753143e+02, 1.23315254e+02, 2.52823135e+02,
       1.71948349e+02, 2.55526337e+02, 2.21144028e+02, 2.58411530e+02,
       2.72467804e+02, 3.26605835e+02, 2.72471039e+02, 3.23924683e+02,
       2.20647476e+02, 3.21485077e+02, 1.71461914e+02, 3.19472717e+02,
       1.23190491e+02, 3.79041840e+02, 2.71343475e+02, 3.75464569e+02,
       2.20035812e+02, 3.72043854e+02, 1.71251907e+02, 3.68729828e+02,
       1.24168716e+02, 4.31119446e+02, 2.70266602e+02, 4.26510651e+02,
       2.19506271e+02, 4.21956024e+02, 1.71379227e+02, 4.17523590e+02,
       1.25147293e+02, 4.80507019e+02, 2.69464020e+02, 4.74636108e+02,
       2.19975525e+02, 4.68965363e+02, 1.72819183e+02, 4.65037201e+02,
       1.25710403e+02, 5.26993591e+02, 2.69381561e+02, 5.19994324e+02,
       2.20965393e+02, 5.14626343e+02, 1.73710983e+02, 5.12080933e+02,
       1.25938622e+02, 3.32199982e+02, 2.70631805e+02, 3.27555328e+02,
       2.17881836e+02, 3.23286682e+02, 1.68108109e+02, 3.19547943e+02,
       1.19392097e+02, 3.85143524e+02, 2.67807068e+02, 3.79586548e+02,
       2.15865173e+02, 3.74272583e+02, 1.66583832e+02, 3.69109528e+02,
       1.19381310e+02, 4.37447968e+02, 2.65280426e+02, 4.30806366e+02,
       2.14165253e+02, 4.24426605e+02, 1.65491699e+02, 4.18077728e+02,
       1.19161514e+02, 4.86934479e+02, 2.63122406e+02, 4.79119293e+02,
       2.13163345e+02, 4.71466492e+02, 1.65648514e+02, 4.65589996e+02,
       1.18821182e+02, 5.33414368e+02, 2.61490021e+02, 5.24416077e+02,
       2.12791397e+02, 5.16882385e+02, 1.65603378e+02, 5.12035767e+02,
       1.18232567e+02, 2.75276672e+02, 3.18269684e+02, 2.72832428e+02,
       2.65538971e+02, 2.70475159e+02, 2.15465225e+02, 2.68211426e+02,
       1.66197495e+02, 3.28410492e+02, 3.15209717e+02, 3.24994812e+02,
       2.63019440e+02, 3.21690460e+02, 2.13341064e+02, 3.18389679e+02,
       1.65221863e+02, 3.81217194e+02, 3.12280457e+02, 3.76858398e+02,
       2.60431427e+02, 3.72455536e+02, 2.11352585e+02, 3.68164948e+02,
       1.63927338e+02, 4.32233887e+02, 3.09469910e+02, 4.26437134e+02,
       2.58891510e+02, 4.21005127e+02, 2.10478668e+02, 4.16932373e+02,
       1.62494431e+02, 4.80420349e+02, 3.07312653e+02, 4.73544861e+02,
       2.57664154e+02, 4.68329651e+02, 2.09359314e+02, 4.65058228e+02,
       1.60627625e+02, 3.30138550e+02, 3.01479156e+02, 3.28542542e+02,
       2.49082718e+02, 3.27419189e+02, 1.99428284e+02, 3.26458466e+02,
       1.50491180e+02, 3.82500854e+02, 3.01308502e+02, 3.80224182e+02,
