%YAML:1.0
calibration_time: "Mon 16 Nov 2015 04:01:03 PM EST"
nframes: 10
image_width: 640
image_height: 480
board_width: 4
board_height: 5
square_size: 2.5000000372529030e-02
flags: 0
camera_matrix: !!opencv-matrix
   rows: 3
   cols: 3
   dt: d
   data: [ 6.6188630393480446e+02, 0., 4.3381264231421073e+02, 0.,
       6.5184283316910626e+02, 2.8413741235594489e+02, 0., 0., 1. ]
distortion_coefficients: !!opencv-matrix
   rows: 5
   cols: 1
   dt: d
   data: [ 1.2668431036533270e-01, 1.6431035665576918e-01,
       1.7452597289420443e-02, 6.2498089090853845e-02,
       -3.6733857289190924e-01 ]
avg_reprojection_error: 9.7910803051433459e-01
per_view_reprojection_errors: !!opencv-matrix
   rows: 10
   cols: 1
   dt: f
   data: [ 1.45047653e+00, 8.39118659e-01, 6.36523426e-01,
       7.09355354e-01, 3.16949248e-01, 6.39326572e-01, 1.02532673e+00,
       1.88402808e+00, 6.71946526e-01, 5.55528581e-01 ]
# a set of 6-tuples (rotation vector + translation vector) for each view
extrinsic_parameters: !!opencv-matrix
   rows: 10
   cols: 6
   dt: d
   data: [ -4.7246264373648356e-01, -3.4503591514362564e-01,
       -9.4262745910653889e-01, -1.7927661044535709e-01,
       -1.3924086760038645e-02, 4.7014043553790569e-01,
       -3.1806994689261910e-02, 4.0868294704925934e-01,
       1.4114948735680604e+00, -4.0215480955801616e-03,
       -8.3738029978930192e-02, 4.7429551870018355e-01,
       -3.1881978191210225e-01, 2.6022633299253767e-01,
       2.2450931051852840e-01, -4.6802597324568866e-02,
       5.2984760358254106e-02, 6.6879400442669812e-01,
       -2.7005374046549924e-01, 3.3965510259049947e-01,
       -2.9849689961771193e+00, 3.0373962513669070e-02,
       1.7972923279102340e-02, 5.7142338247447422e-01,
       -2.4324130569177713e-01, -3.4965982000821039e-01,
       1.6893730313905762e+00, -1.7786842087189605e-01,
       -2.0474515389764927e-01, 5.6354677267863074e-01,
       -4.6819904076760060e-01, -4.6224813152977612e-01,
       -1.4140593334686521e-01, -1.6066327394568969e-01,
       -2.5912507406246732e-02, 4.6959942290410600e-01,
       -6.1458110978175351e-01, -7.3281891963866552e-01,
       2.9543565341716653e+00, -5.3789710501498923e-02,
       8.0438838788907091e-02, 3.6212149188419729e-01,
       4.4858584750344860e-01, 9.6314514075757349e-02,
       -1.4140967203258343e+00, -6.4354606819906596e-02,
       6.4780460119772967e-02, 2.3945620633062190e-01,
       5.4140617947935687e-01, 2.7251257115025098e-02,
       -1.4422973092789595e+00, -6.7950928485199194e-02,
       6.2581550838706757e-02, 3.4615600631281418e-01,
       1.7881572606105775e-01, -8.7627478425335387e-02,
       -1.5201672947262848e+00, -5.2519002457735442e-02,
       3.6381576105677063e-02, 2.7712252884070099e-01 ]
image_points: !!opencv-matrix
   rows: 10
   cols: 20
   dt: "2f"
   data: [ 1.94545456e+02, 2.66085388e+02, 2.17411118e+02,
       2.43247498e+02, 2.39531738e+02, 2.22104263e+02, 2.61004852e+02,
       2.01847153e+02, 2.18668671e+02, 2.83239777e+02, 2.41487869e+02,
       2.60481110e+02, 2.63549591e+02, 2.38817032e+02, 2.84673279e+02,
       2.17930801e+02, 2.44096298e+02, 3.02000336e+02, 2.66769501e+02,
       2.78427948e+02, 2.88392029e+02, 2.55720886e+02, 3.09537964e+02,
       2.33752838e+02, 2.69746277e+02, 3.19436310e+02, 2.92126312e+02,
       2.94878571e+02, 3.13954071e+02, 2.71202606e+02, 3.34524689e+02,
       2.48626266e+02, 2.95102173e+02, 3.34249634e+02, 3.17988953e+02,
       3.08964691e+02, 3.39433746e+02, 2.84870636e+02, 3.60463593e+02,
       2.61529266e+02, 4.28270996e+02, 1.68535706e+02, 4.31613373e+02,
       1.99954819e+02, 4.35308624e+02, 2.32451233e+02, 4.39365723e+02,
       2.66262756e+02, 3.97541260e+02, 1.78042953e+02, 4.00026550e+02,
       2.08647598e+02, 4.02354553e+02, 2.40346832e+02, 4.04517334e+02,
       2.72923431e+02, 3.65716431e+02, 1.86047821e+02, 3.67503815e+02,
       2.15624741e+02, 3.68638336e+02, 2.46512085e+02, 3.70873230e+02,
       2.78828339e+02, 3.35414154e+02, 1.92548294e+02, 3.35916931e+02,
       2.21851089e+02, 3.37398804e+02, 2.52285400e+02, 3.39457672e+02,
       2.84924011e+02, 3.05485046e+02, 1.98876434e+02, 3.05767853e+02,
       2.27950439e+02, 3.06754822e+02, 2.58443695e+02, 3.09467560e+02,
       2.90813660e+02, 3.87556458e+02, 3.35464508e+02, 4.10544586e+02,
       3.40445770e+02, 4.34038177e+02, 3.45458099e+02, 4.58672943e+02,
       3.51094604e+02, 3.81639191e+02, 3.59350922e+02, 4.04670929e+02,
       3.64668976e+02, 4.28436218e+02, 3.70339905e+02, 4.52968872e+02,
       3.76171814e+02, 3.75429810e+02, 3.83649353e+02, 3.98677277e+02,
       3.89577942e+02, 4.22414825e+02, 3.95616913e+02, 4.47166473e+02,
       4.02018616e+02, 3.68408508e+02, 4.08208313e+02, 3.91906006e+02,
       4.14591095e+02, 4.16179138e+02, 4.21336334e+02, 4.40738647e+02,
       4.28066406e+02, 3.60359436e+02, 4.32315857e+02, 3.84469330e+02,
       4.39572845e+02, 4.08833191e+02, 4.46932495e+02, 4.33949005e+02,
       4.54276978e+02, 4.69910645e+02, 3.05441071e+02, 4.41562622e+02,
       3.01445984e+02, 4.13338715e+02, 2.96596405e+02, 3.85281616e+02,
       2.91828979e+02, 4.73035492e+02, 2.76841431e+02, 4.44127625e+02,
       2.72847107e+02, 4.15730713e+02, 2.68934418e+02, 3.87530029e+02,
       2.64260529e+02, 4.76350983e+02, 2.48097031e+02, 4.47391724e+02,
       2.44730865e+02, 4.18747803e+02, 2.41236603e+02, 3.90345764e+02,
       2.36845169e+02, 4.79858185e+02, 2.19285675e+02, 4.50933716e+02,
       2.16090530e+02, 4.22052094e+02, 2.12737213e+02, 3.93580078e+02,
       2.09410355e+02, 4.83501801e+02, 1.90713333e+02, 4.54551117e+02,
       1.87773224e+02, 4.25415039e+02, 1.84763870e+02, 3.97148682e+02,
       1.81882645e+02, 2.38120514e+02, 5.43177338e+01, 2.33706390e+02,
       8.27249832e+01, 2.29724686e+02, 1.11542007e+02, 2.25416946e+02,
       1.40128098e+02, 2.09613983e+02, 4.75669174e+01, 2.05611130e+02,
       7.65626755e+01, 2.01329346e+02, 1.05489655e+02, 1.97094498e+02,
       1.34584549e+02, 1.80361938e+02, 4.08572960e+01, 1.76005768e+02,
       6.99529648e+01, 1.71677399e+02, 9.94220200e+01, 1.67337570e+02,
       1.28858536e+02, 1.50244904e+02, 3.38382530e+01, 1.45915741e+02,
       6.34294624e+01, 1.41554810e+02, 9.31286240e+01, 1.37336884e+02,
       1.22967796e+02, 1.19565422e+02, 2.68519421e+01, 1.15384911e+02,
       5.68187981e+01, 1.10955040e+02, 8.66635513e+01, 1.06620338e+02,
       1.16856499e+02, 2.18299072e+02, 2.50817184e+02, 2.51228348e+02,
       2.50500320e+02, 2.83182892e+02, 2.50185013e+02, 3.13501648e+02,
       2.50024384e+02, 2.21319138e+02, 2.80091797e+02, 2.55564026e+02,
       2.78448486e+02, 2.88338043e+02, 2.77220154e+02, 3.19634491e+02,
       2.75919434e+02, 2.24415024e+02, 3.11469757e+02, 2.59502228e+02,
       3.08989990e+02, 2.92743988e+02, 3.07315338e+02, 3.24721588e+02,
       3.05602386e+02, 2.27733490e+02, 3.44398163e+02, 2.63126801e+02,
       3.41525909e+02, 2.97134308e+02, 3.39252472e+02, 3.29880829e+02,
       3.36853821e+02, 2.31272171e+02, 3.78550659e+02, 2.67257904e+02,
       3.75225616e+02, 3.01660156e+02, 3.72421844e+02, 3.34981598e+02,
       3.69442566e+02, 3.38433746e+02, 4.29113190e+02, 2.93424713e+02,
       4.38247284e+02, 2.48414307e+02, 4.48686523e+02, 2.02631790e+02,
       4.62594879e+02, 3.37990234e+02, 3.92800415e+02, 2.91697906e+02,
       4.00752411e+02, 2.44602646e+02, 4.10327698e+02, 1.96928162e+02,
       4.22417267e+02, 3.37905365e+02, 3.53432648e+02, 2.90069885e+02,
       3.61302307e+02, 2.41041397e+02, 3.69400665e+02, 1.91025864e+02,
       3.79499786e+02, 3.37480499e+02, 3.12179932e+02, 2.88600281e+02,
       3.19594757e+02, 2.37552612e+02, 3.26471161e+02, 1.85619751e+02,
       3.35013824e+02, 3.36556427e+02, 2.67127747e+02, 2.86571381e+02,
       2.74505310e+02, 2.34160507e+02, 2.81256287e+02, 1.79740799e+02,
       2.88025574e+02, 2.63629364e+02, 4.65332062e+02, 2.68872131e+02,
       4.00779816e+02, 2.74626740e+02, 3.35590271e+02, 2.80403229e+02,
       2.69293243e+02, 3.29559326e+02, 4.66031982e+02, 3.36001648e+02,
